1 1
2 1
3 1
4 1
5 0,978
6 1
7 0,978
8 0,978
9 0,978
10 1
11 1
12 1
13 0,978
14 0,978
15 0,978
16 0,978
17 0,978
18 0,978
19 0,978
20 0,978
21 0,978
22 0,978
23 0,978
24 0,978
25 0,978
26 0,978
27 0,978
28 0,978
29 0,978
30 0,978
31 0,978
32 0,978
33 0,978
34 0,978
35 0,978
36 0,978
37 0,978
38 0,978
39 0,956
40 0,978
41 0,933
42 0,978
43 0,933
44 0,956
45 0,933
46 0,956
47 0,933
48 0,933
49 0,889
50 0,889
51 0,889
52 0,889
53 0,889
54 0,911
55 0,889
56 0,911
57 0,889
58 0,911
59 0,911
60 0,911
61 0,911
62 0,911
63 0,911
64 0,911
65 0,911
66 0,911
67 0,911
68 0,911
69 0,911
70 1
71 1
72 0,978
73 1
74 0,978
75 0,978
76 0,978
77 0,978
78 0,978
79 0,978
80 1
81 1
82 1
83 1
84 1
85 1
86 1
87 1
88 1
89 1
90 1
91 1
92 1
93 1
94 1
95 1
96 1
97 1
98 1
99 1
100 1
101 1
102 1
103 1
104 1
105 1
